OSHQ_1 437282.628 115638.723 13.833
OSHQ_2 437163.551 115660.890 12.369
OSHQ_3 437164.737 115521.021 12.054
OSHQ_4 437235.542 115381.518 11.384
OSHQ_5 437349.875 115383.539 11.227
OSHQ_6 437376.230 115469.998 13.313
OSHQ_7 437373.917 115535.274 13.785
OSHQ_8 437365.678 115648.814 14.335
OSHQ_9 437224.044 115540.215 13.130
1 437338.219 115371.142 11.19
2 437159.385 115522.092 12.13
3 437157.914 115558.771 11.982
4 437160.993 115592.483 12.3
5 437164.164 115625.211 12.608
6 437167.558 115624.983 12.603
7 437164.549 115592.32 12.299
8 437162.386 115558.792 11.956
9 437163.046 115522.377 12.088
10 437168.331 115487.911 12.331
11 437172.436 115453.273 12.19
12 437338.216 115371.127 11.179
13 437173.888 115417.525 11.823
14 437186.304 115387.909 11.567
15 437219.981 115385.211 11.448
16 437219.992 115385.2 11.453
17 437257.64 115391.332 11.633
18 437298.809 115394.735 11.812
19 437323.328 115404.599 11.757
20 437343.231 115378.073 11.18
21 437314.647 115372.184 11.402
22 437299.419 115385.242 11.706
23 437258.629 115386.39 11.639
24 437220.786 115380.811 11.429
25 437184.289 115384.726 11.662
26 437169.738 115417.217 11.946
27 437169.009 115452.984 12.198
28 437164.478 115487.312 12.364
hqap_2 437361.623 115469.958 13.251 -1.46965290138067 50.9374702800921
hqap_3 437360.478 115542.59 13.322
hqap_4 437363.392 115586.571 13.459
hqap_5 437368.887 115648.816 14.349
hqap_6 437285.934 115637.535 13.843
hqap_7 437177.558 115654.292 12.531
hqap_8 437160.971 115536.697 11.954
hqap_9 437184.942 115454.633 12.414
hqap_10 437258.313 115394.03 11.655
hqap_11 436963.936 114711.911 7.334
hqap_12 436930.248 115222 8.732
hqap_13 436794.818 115585.89 8.723
hqap_14 436899.265 115884.186 10.699
hqap_15 437447.849 116058.943 23.507
hqap_16 437519.691 115461.884 13.839
hqap_17 437778.536 115072.826 11.123
hqap_18 437391.402 114654.873 8.405
AP_01	437319.2539	115420.5184	12.05303365
AP_02	437303.1957	115469.1696	12.81990444
AP_03	437266.4709	115478.9885	13.1862676
AP_04	437251.8269	115519.6279	13.46405691
AP_05	437250.2908	115570.3931	13.37799999
AP_01a	437320.88	115420.9093	12.12313765
